3160	35.3    1	
5.8		9.2     1	
6.5		9.2     0	
45.6	142.6   1	
15.6	19.4    1	
83.3	9.9     1	
45.8	17.3    1	
90.1	74      1	
10		54.65   0	
25.6	9.1     0	
227		9.7     1	
22.1	7.3     0	
770		36.9    1	
9820	22.2    1	
11630	184.8   1	
107.9	10.5    0	
521.5	8.25    1	
235		14.1    1	
1810	24.8    1	
3560	26.7    1	
21.8	33.5    1	
9590	53.6    1	
50		43.9    1	
479		35      1	
44.2	10.7    0	
79.4	11.6    1	
8.45	103.6   1	
15.2	5.5     0	
55.7	11.2    1	
10.4	108.9   0	
15.7	15.4    1	
336		30.3    1	
32.5	12      0	
222		15.5    1	
6.5		17.9    0	
15.7	12.1    1	
10.2	10.6    0	
8.8		5.9     0	
17.3	7.4     0	
6.6		12.6    0	
14.4	6.8     0	
1079	38.6    1	
60.2	94.2    1	
5.3		9.7     0	
1021	1024    1	
18		33.8    1	
1090	15.4    1	
5.3		9.5     0	
15.5	11.1    0	
3100	38.7    1	
59.2	8.5     0	
454		8.7     1	
70.9	19.2    1	
251		34.8    1	
3.4		12.6    0	
361		57.3    1	
