162		66.3    1	
10.4	14.3    1	
1715	25.7    1	
87.5	6.6     0	
4.1		34.5    1	
6.6		11.7    1	
109.7	14.1    1	
682		20.1    1	
16.2	9.8     0	
7.8		8       0	
10290	844     1	
2.4		79.1    1	
32.9	32.1    0	
4.6		35.7    0	
5		16.6    0	
2540	31.6    1	
12320	27.7    1	
12.8	6.5     1	
1520	202     1	
24000	77.8    1	
6160	17.2    1	
27.3	93.1    1	
39.3	17.5    1	
508		21.2    1	
464		12.1    1	
9810	99.1    1	
5.1		11.4    0	
225		6.6     1	
8.9		6.8     0	
369		8.1     1	
1630	12.5    1	
6.5		179     0	
100.53	26.56   1	
900		3.7     1	
28.6	8.6     1	
58.7	10.5    1	
5.6		45.7    1	
542		19.2    1	
55.6	42.1    0	
14.7	32.4    1	
255		18.6    1	
4		21.2    0	
18		47.35   0	
32.6	11.2    0	
1490	53.9    1	
3.6		11.7    1	
31.2	12.3    0	
5.7		7.8     0	
8.2		35.6    0	
6.9		12.1    0	
11.1	27.2    0	
43.5	30.8    1	
2500	14.2    1	
2106.66	15      1	
15.4	10.1    0	
21.8	15      0	
